16.4 26.8 13.6 0 27.6 9.6 31.2 23.2 24.8 25.6 
2 18 32.4 10.8 24.4 36.4 38 16.8 10.8 14.4 
36.4 1.6 0.8 21.2 36.8 32.8 8.4 6.4 7.2 38 
18.8 10.4 28.4 15.2 27.6 4.8 26.8 39.6 14 37.6 
1.2 4.4 8.8 13.2 29.2 25.6 16.4 4.4 21.2 27.2 
18.8 17.6 24.8 22.8 14.8 23.6 9.2 16.4 11.6 31.2 
6.4 14 36 16.8 35.2 2.4 16 16.8 25.6 19.2 
18.4 2 36 11.6 28 20 2.4 0.4 37.2 19.2 
11.6 9.2 33.6 21.6 22.4 16 26.4 30.4 12.4 3.2 
17.6 15.6 10.4 9.2 14.8 15.2 7.2 32.8 11.6 16.4 
13.2 6 15.6 23.2 1.6 12 30.8 2.4 29.2 34.4 
8.4 18 9.6 28.8 28 11.6 30.8 29.2 38.8 4.8 
34.4 36 24.4 14.4 22 26.8 22 29.6 12.4 20.8 
20 20 16.4 9.6 26.4 12 2.8 36.4 2.8 14.8 
22.8 34.8 21.2 33.2 18 3.6 3.6 23.2 8.4 35.2 
