9.16667 19.1667 2.5 12.5 5.41667 28.3333 0 37.9167 25.8333 22.9167 4.16667 24.5833 10 15.4167 20 
34.5833 39.5833 17.0833 0.833333 20.8333 37.9167 15 30.8333 8.33333 40 8.75 20 41.25 28.3333 35 
33.75 14.1667 22.0833 41.25 7.5 15.8333 0 36.6667 11.25 27.9167 11.6667 38.75 20 34.5833 2.91667 
8.75 4.16667 7.08333 5.41667 5.83333 3.75 6.66667 14.5833 21.25 0 20.4167 7.91667 23.3333 40.8333 1.25 
10 3.33333 18.3333 3.75 37.0833 0.833333 39.5833 35.4167 38.75 17.9167 9.58333 36.25 5.83333 1.25 20 
0 24.1667 7.5 33.3333 40 40.8333 33.75 37.0833 40.8333 3.75 23.75 30 9.16667 15.8333 38.3333 
15.8333 32.9167 37.5 23.75 24.1667 37.9167 6.25 36.6667 23.3333 4.58333 0.833333 14.1667 30 22.9167 11.6667 
19.1667 25.8333 35.8333 31.25 13.75 28.75 17.5 18.3333 6.66667 33.75 40.8333 9.16667 21.25 8.75 41.25 
23.75 31.6667 38.3333 37.0833 31.25 5 0 4.16667 1.25 28.75 25.4167 36.6667 0.416667 37.0833 22.9167 
9.58333 0.833333 35.4167 34.1667 35.4167 36.6667 10.8333 7.08333 23.75 13.3333 13.3333 28.75 22.5 8.75 37.0833 
