3441.76 4151.84 5026.4 4293.28 4714.88 4822.88 2588.96 4928.96 3631.84 4164.8 2783.04 4852.48 3653.6 3581.44 4861.76 
3255.36 4084.48 4584.8 4857.44 4847.52 5092.96 3094.88 5797.12 4398.4 3348.16 2924.96 5019.84 3805.44 4083.36 4396 
1689.92 2378.4 3238.08 3648.32 4702.72 4306.56 3172.96 4811.68 5115.52 2564.16 2589.6 4778.72 2593.92 2796.64 4552.64 
3624.64 3672.48 5562.08 5221.28 4605.12 5045.76 2668.48 5265.92 4108.96 4334.72 3538.56 5157.6 4072.32 3942.4 5029.6 
1896.8 2342.72 3496.32 3512.16 4253.44 3178.56 2542.08 3497.12 3560.16 2173.6 2302.4 4052.64 2197.28 2752.16 3506.72 
2880 3113.12 3828 4286.88 4027.84 4489.44 2381.6 4611.84 3852 3384.96 2954.56 4611.04 3432.96 3865.76 4320.16 
3479.2 3090.72 4508 4214.4 4025.6 3258.4 2302.4 4523.84 3340.16 3824.32 2796 4977.28 3130.08 3973.76 3569.6 
2829.6 2736.16 3677.76 4469.92 4054.4 2921.44 2035.84 4193.44 3462.08 3296 2605.6 5325.92 2046.56 3856 3353.44 
3165.44 3516.96 4108.64 4242.4 3513.6 3856.16 2342.72 5046.56 3499.04 3436.16 3050.56 4256.16 3325.44 3958.72 3556.96 
2357.44 2901.6 3323.04 3322.08 3146.08 3645.76 2103.2 3630.24 2766.72 3198.72 2765.44 3372 2644.48 2624.16 3964.32 
2525.6 3007.36 4168.64 4233.44 3740.48 3908.16 1267.36 3490.72 3071.68 2469.12 2292.48 4001.92 2988.8 3996.48 3305.92 
3427.52 4323.84 4995.36 4234.08 4503.52 3892.64 2608.64 4730.56 3572.64 3870.56 3556.32 4602.4 3483.68 4616 4317.76 
3973.76 4905.44 4842.08 4932.8 4947.84 6146.4 3160.48 6566.72 4738.72 4932.32 3555.68 5627.84 4597.6 4645.44 5796.16 
2617.76 2840.48 3299.2 3175.36 3209.12 3688.32 2523.68 4207.52 3117.92 3603.2 2823.2 3668.8 2911.36 2566.24 4123.2 
3491.52 3276.8 4076.96 3725.28 3770.72 4534.88 2291.68 4619.2 3602.56 4178.56 3087.2 4497.6 4220.8 4234.4 4581.28 
