17.0833 27.9167 14.1667 0 28.75 10 32.5 24.1667 25.8333 26.6667 
2.08333 18.75 33.75 11.25 25.4167 37.9167 39.5833 17.5 11.25 15 
37.9167 1.66667 0.833333 22.0833 38.3333 34.1667 8.75 6.66667 7.5 39.5833 
19.5833 10.8333 29.5833 15.8333 28.75 5 27.9167 41.25 14.5833 39.1667 
1.25 4.58333 9.16667 13.75 30.4167 26.6667 17.0833 4.58333 22.0833 28.3333 
19.5833 18.3333 25.8333 23.75 15.4167 24.5833 9.58333 17.0833 12.0833 32.5 
6.66667 14.5833 37.5 17.5 36.6667 2.5 16.6667 17.5 26.6667 20 
19.1667 2.08333 37.5 12.0833 29.1667 20.8333 2.5 0.416667 38.75 20 
12.0833 9.58333 35 22.5 23.3333 16.6667 27.5 31.6667 12.9167 3.33333 
18.3333 16.25 10.8333 9.58333 15.4167 15.8333 7.5 34.1667 12.0833 17.0833 
13.75 6.25 16.25 24.1667 1.66667 12.5 32.0833 2.5 30.4167 35.8333 
8.75 18.75 10 30 29.1667 12.0833 32.0833 30.4167 40.4167 5 
35.8333 37.5 25.4167 15 22.9167 27.9167 22.9167 30.8333 12.9167 21.6667 
20.8333 20.8333 17.0833 10 27.5 12.5 2.91667 37.9167 2.91667 15.4167 
23.75 36.25 22.0833 34.5833 18.75 3.75 3.75 24.1667 8.75 36.6667 
